counter:  PAPI_TOT_INS PAPI_TOT_CYC CYCLE_ACTIVITY:STALLS_L1D_PENDING CYCLE_ACTIVITY:STALLS_L2_PENDING CYCLE_ACTIVITY:STALLS_LDM_PENDING
counters: PAPI_L2_TCM PAPI_L2_TCA
counters: MEM_LOAD_UOPS_RETIRED:L3_HIT MEM_LOAD_UOPS_RETIRED:L3_MISS
counters: DTLB_LOAD_MISSES:WALK_COMPLETED DTLB_LOAD_MISSES:WALK_DURATION DTLB_LOAD_MISSES:STLB_HIT
counters: MEM_UOPS_RETIRED:STLB_MISS_LOADS MEM_UOPS_RETIRED:ALL_LOADS
mdmc_1_socket
31626	
10789369704	4936417156	290158809	265425794	571551216
31450	
24258689	74914844
31713	
14493016	149655
31526	
29906	1016114	38250802
31650	
22481	1575731113
mdmc_2_socket
31829	
10947829602	5389053052	335391323	264666984	674402420
31751	
24383518	81867819
31885	
14975797	309785
31672	
34008	1101460	40776459
31638	
31906	1575951892
sdsc_1_socket
44442	
1734152767129	1359767493226	183520463355	163705032481	290967275991
41706	
19679341069	37750014782
42932	
4747667593	44869630
42001	
3862115863	153449783774	14644946371
41467	
5324271117	310916108872
sdsc_2_socket
45571	
1748263522573	1387308762393	187353142449	168584111713	292134294477
45479	
5365494783	88362886
44597	
3466206747	138706473866	14218354938
43325	
3138481592	313220705103
hybridstsc_1_socket
32575	
1526910321450	945666856421	144472169849	125452888864	190319233649
31764	
16106544891	36679645023
33522	
3139892024	88223587
31597	
3546066254	138409366463	25061475861
30165	
3386352711	273874628822
hybridstsc_2_socket
32492	
16379033345	37490038741
32597	
3850431005	67781841
32048	
3834918817	145503377790	27653188918
30457	
3731562780	273884822806
pqskycube_1_socket
174968	
2003359042326	4905619193405	1274721910333	1396214700468	2521545689793
176444	
13831354198	15056490963
170135	
2123777077	149264628
172055	
126415312	3564116592	1437495867
171234	
97734524	535272090379
pqskycube_2_socket
289776	
2003405746883	8348253154447	3164563745022	3473883470832	5031655822901
261348	
12325213027	14236119952
263248	
2113512105	498917199
263806	
193589993	4462871909	1265546274
292564	
35076742	535281206919
