stsccorr
4 78	
6 886	
8 4416	
10 9856	
12 13166	
14 13685	
stsc
4 5268	
6 45252	
8 523370	
10 1994271	
12 3067214	
14 2992651	
mdmcboth
4 346553	
6 412410	
8 492508	
10 513898	
12 536423	
14 533471	
mdmccpu
4 377280	
6 439031	
8 536715	
10 723628	
12 771724	
14 776586	
sdscgpusingle
4 25469	
6 279723	
8 1109848	
10 2762940	
12 3635351	
14 3696141	
sdscgpuall
4 9933	
6 108323	
8 425451	
10 1040075	
12 1359462	
14 1385150	
sdscboth
4 9689	
6 107877	
8 406887	
10 959975	
12 1241797	
14 1271709	
pqskycube
4 62997	
6 580535	
8 5417461	
10 
12 
14 
