counter:  PAPI_TOT_INS PAPI_TOT_CYC CYCLE_ACTIVITY:STALLS_L1D_PENDING CYCLE_ACTIVITY:STALLS_L2_PENDING CYCLE_ACTIVITY:STALLS_LDM_PENDING
counters: PAPI_L2_TCM PAPI_L2_TCA
counters: MEM_LOAD_UOPS_RETIRED:L3_HIT MEM_LOAD_UOPS_RETIRED:L3_MISS
counters: DTLB_LOAD_MISSES:WALK_COMPLETED DTLB_LOAD_MISSES:WALK_DURATION DTLB_LOAD_MISSES:STLB_HIT
counters: MEM_UOPS_RETIRED:STLB_MISS_LOADS MEM_UOPS_RETIRED:ALL_LOADS
mdmc_1_socket
32015	
10789378235	4945396008	315260682	278269692	595434781
31917	
24076458	80223304
31881	
524685	18909914	93532510
31929	
508112	1576218760
mdmc_2_socket
32452	
10892451241	5249340447	343080155	284090021	661935219
32179	
23807696	95104491
32329	
15021964	332806
32079	
526347	18898453	105984027
32142	
503972	1575682506
sdsc_1_socket
44624	
1734316510875	1365623463655	187700339070	167488014722	295875318446
43528	
20110925386	38013385382
44446	
3463611961	45005005
43504	
5673024964	218131343427	23544501425
41457	
5419515858	310782582278
sdsc_2_socket
46191	
20098998157	39916550589
47116	
3868586188	85668253
46245	
5716427608	211124874162	23669570364
44531	
5430162051	313780864729
hybridstsc_1_socket
33504	
1526895021580	974013385697	158772180525	138884409362	211832888726
32526	
16495664600	35895797263
33500	
3076872400	87319092
32516	
4709039182	172026258066	35212452863
30989	
4474160943	273875418451
hybridstsc_2_socket
33568	
1526966132329	974110988981	156167960496	134678871130	209164357900
32854	
16610039307	38104831000
33489	
3289278793	70408237
32543	
4707186747	169153306141	35306014291
pqskycube_1_socket
174373	
2003367582364	4897066599079	1313682725612	1445236411398	2555110211098
179311	
14926383214	17541335202
173742	
2488530909	166673141
177594	
2767981051	72886239949	26679622464
172894	
1763982286	535269180326
pqskycube_2_socket
270098	
2003383292977	7757708615373	2780866727240	3250479083479	4715628257700
279862	
13239109082	16492128340
245619	
2415627120	508540491
269157	
1779125245	535282078655
